0
001
001.83
002
003
004
004.3
004.4
004.6
004.7
005
006
006.9
006.91
007
008
009
011
016
017
019
02
030
050
06
069
070
08
087.5
087.6
09
1
1(09)
11
122/129
13
133
133.52
14
141.72
159.9
159.91
159.97
159.98
16
17
2
21
22
222/224
225
23
24
25
26
268
27
28
282
283/289
29
292
294.3
296
297
3
303
304.2
308
31
311
312
314
314.7
316
316.6
316.77
32
321
322
323.28
323.3
324
325
326
327
328
329
33
330
330.85
330.86
331
331.4
332
332.2
334
336
336.7
338
338.4
339
339.1
339.17
339.3
339.5
339.9
34
340
340.12
340.143
341
342
342.7
342.9
343
343.6
344
347
347.1
347.2
347.4
347.5
347.6
347.7
347.8
347.9
347.96
348
349
349.2
349.3
349.4
349.6
349.7
35
35.08
351
352
353
354
355
355.1
355.2
355.3
355.4
355.7
356/359
36
364
366
368
369
37
37.01
37.015
37.02
37.03
37.04
371
372
373
373.2
373.3
373.5
374
376
377
378
379.8
379.82
379.83
379.85
39
391
392
393
394
394.2
395
397.7
398
398.2
398.8
398.9
5
502
504
51
511
512
514
515.1
517
519.1
519.2
519.6
519.7
519.8
52
521
523
524
527
528
53
531
531.5
532
533
534
535
536
537
538.9
539.1
54
542
543
544
546
547
548
549
55
550.34
551.1
551.2
551.3
551.4
551.44
551.46
551.5
551.58
551.7
552
553
556
56
57
572
573
574
575
576
577
578
579
58
581.1
581.9
582
59
591.1
591.9
592
594
595
597.2
597.6
597/599
598
598.2
599
6
61
611
612
613
613.2
613.4
613.5
613.6
613.7
613.81
613.83
613.84
613.88
614
614.2
615
616
616.1
616.2
616.3
616.4
616.5
616.6
616.7
616.8
616.9
616-053.2
616-053.9
617
617.3
617.5
617.7
618
619
62
620
621
621.039
621.1
621.22
621.3
621.39
621.4
621.5
621.6
621.7
621.8
621.9
622
623
624
625
626
627
628
628.9
629
629.3
629.4
629.5
629.7
63
630
631
632
633
634
635
636
637
638
639
639.1
639.2
639.3
64
640.4
641
641.5
643
649
649.1
65.
65.01
651
654
654.19
655
656
656.1
656.2
656.6
656.7
656.71
656.8
657
658
658.3
658.8
659
66
661
662
662.2
663
664
665
666
667
669
67/68
671
672
674
675
676
677
678
679
681
681.5
681.6
681.7
681.8
682
683
684
685
686
687
687.5
688
689
69
691
692
693
694
696
697
699.8
7.
7.01
7.025
7.03
7.032
7.033
7.033.4
7.033.5
7.034
7.035
7.036
7.04
7.074
71
711.3
711.4
715
72
721
725
726
727
728
73
736
737
738
739
741
742
743
744
745
746
747
748
749.1
75
76
77
771
772
778
78
79
791.4
791.8
791.862
792
793
794
794.1
796
796.3
796.4
796.5
796.6
796.7
796.8
796.9
797
798
799
8
80
801.6
806
807
81
811
811.11
811.111
811.13
811.131.1
811.133.1
811.133.2
811.134.1
811.134.11
811.134.2
811.134.2'282
811.134.3
811.134.4
811.14'02
811.14'06
811.16/.17
811.361
811.41/.87
811.51
811.61
811.8
811.92
812.112.2
81'34
81'35
81'36
81'373
81'374
82
82(09)
821.11
821.111
821.111-1
821.111-2
821.111-3
821.111-4/-9
821.112.2
821.112.2-1
821.112.2-2
821.112.2-3
821.112.2-4/-9
821.124
821.131.1
821.131.1-1
821.131.1-2
821.131.1-3
821.131.1-4/-9
821.133.1
821.133.1-1
821.133.1-2
821.133.1-3
821.133.1-4/-9
821.134.1
821.134.1-1
821.134.1-2
821.134.1-3
821.134.1-4/-9
821.134.2
821.134.2-1
821.134.2-2
821.134.2'282
821.134.2-3
821.134.2-4/-9
821.134.27
821.134.27-1
821.134.272
821.134.27-2
821.134.272.81
821.134.272.81-1
821.134.272.81-2
821.134.272.81-3
821.134.272.81-4/-9
821.134.272.83
821.134.272.83-1
821.134.272.83-2
821.134.272.83-3
821.134.272.83-4/-9
821.134.272.84
821.134.272.84-1
821.134.272.84-2
821.134.272.84-3
821.134.272.84-4/-9
821.134.272.85
821.134.272.85-1
821.134.272.85-2
821.134.272.85-3
821.134.272.85-4/-9
821.134.272.86
821.134.272.86-1
821.134.272.86-2
821.134.272.86-3
821.134.272.86-4/-9
821.134.272.87
821.134.272.87-1
821.134.272.87-2
821.134.272.87-3
821.134.272.87-4/-9
821.134.272.91
821.134.272.91-1
821.134.272.91-2
821.134.272.91-3
821.134.272.91-4/-9
821.134.272.93
821.134.272.93-4/-9
821.134.272.95
821.134.272.95-1
821.134.272.95-2
821.134.272.95-3
821.134.272.95-4/-9
821.134.272-1
821.134.272-2
821.134.272-3
821.134.272-4/-9
821.134.27-3
821.134.27-4/-9
821.134.28
821.134.28-1
821.134.282
821.134.28-2
821.134.282-1
821.134.282-2
821.134.282-3
821.134.282-4/-9
821.134.283
821.134.28-3
821.134.283-1
821.134.283-2
821.134.283-3
821.134.283-4/-9
821.134.284
821.134.28-4/-9
821.134.284-1
821.134.284-2
821.134.284-3
821.134.284-4/-9
821.134.285
821.134.285-1
821.134.285-2
821.134.285-3
821.134.285-4/-9
821.134.286.1
821.134.286.1-1
821.134.286.1-2
821.134.286.1-3
821.134.286.1-4/-9
821.134.286.6
821.134.286.6-1
821.134.286.6-2
821.134.286.6-3
821.134.286.6-4/-9
821.134.287
821.134.287-1
821.134.287-2
821.134.287-3
821.134.287-4/-9
821.134.289.2
821.134.289.2-1
821.134.289.2-2
821.134.289.2-3
821.134.289.2-4/-9
821.134.289.9
821.134.289.9-1
821.134.289.9-2
821.134.289.9-3
821.134.289.9-4/-9
821.134.3
821.134.3-1
821.134.3-2
821.134.3-3
821.134.3-4/9
821.134.4
821.134.4-1
821.134.4-2
821.134.4-3
821.134.4-4/-9
821.14'02
821.14'06
821.16/.17
821.161.1
821.162.1
821.162.3
821.163
821.361
821.361-1
821.361-2
821.361-3
821.361-4/-9
821.411.21
821.521
82-993
87
89
9.
902
903
904
908
91
910
910.4
911.2
911.3
912
913
914
914.60
914.601.1
914.601.2
914.601.3
914.601.5
914.601.6
914.601.8
914.602.1
914.602.2
914.602.3
914.602.5
914.602.7
914.602.8
914.603.1
914.603.2
914.603.3
914.603.5
914.604.1
915
916
917
917.2
917.281
917.282
917.283
917.284
917.285
917.286
917.287
917.291
917.292
917.293
917.294
917.295
917.297/.299
918
918.1
918.2
918.3
918.4
918.5
918.61
918.66
918.7
918.92
918.99
919
929
929.5
929.6
929.7
93
930
930.1
930.25
930.85
930.9
931
94
940
946.0
946.011
946.012
946.013
946.015
946.016
946.018
946.021
946.022
946.023
946.025
946.027
946.028
946.031
946.032
946.033
946.035
946.041
950
960
970
972
972.81
972.82
972.83
972.84
972.85
972.86
972.87
972.91
972.92
972.93
972.94
972.95
972.97/.99
980
981
982
983
984
985
986.1
986.6
987
989.2
989.9
990
